 0000    44153 
 0001  9329051 
 0002  3034915 
 0003  1962389 
 0004   484938 
 0005   664170 
 0006    46816 
 0007    37053 
 0008    58690 
 0009   636202 
 0010    83965 
 0011   288830 
 0012    50812 
 0013    80738 
 0014    13383 
 0015    14559 
 0016     3539 
 0017   492072 
 0018    68974 
 0019    21369 
 0020    35886 
 0021    29361 
 0022     2841 
 0023     2662 
 0024     1017 
 0025   461073 
 0026   259888 
 0027    20089 
 0028      767 
 0029     2732 
 0030     1016 
 0031     6949 
 0032     2639 
 0033    60672 
 0034    18961 
 0035     8886 
 0036     1377 
 0037     1927 
 0038     3096 
 0039     2248 
 0040     1818 
 0041   150288 
 0042    67625 
 0043     1693 
 0044      278 
 0045     1719 
 0046      157 
 0047     1492 
 0048      907 
 0049    24896 
 0050     3587 
 0051    35270 
 0052      384 
 0053     3648 
 0054      760 
 0055      843 
 0056      765 
 0057    13508 
 0058      663 
 0059     9084 
 0060     4769 
 0061     1849 
 0062     1298 
 0063      230 
 0064      195 
 0065     6777 
 0066      685 
 0067      382 
 0068       35 
 0069     5168 
 0070     1030 
 0071       77 
 0072      488 
 0073     9649 
 0074      586 
 0075       80 
 0076       76 
 0077     1025 
 0078        0 
 0079      114 
 0080       37 
 0081    12902 
 0082      210 
 0083      383 
 0084     1302 
 0085      220 
 0086      168 
 0087        0 
 0088       39 
 0089     3770 
 0090     6399 
 0091      225 
 0092        0 
 0093      391 
 0094      317 
 0095       67 
 0096        0 
 0097     6438 
 0098      512 
 0099      404 
 0100        0 
 0101     2804 
 0102       39 
 0103        0 
 0104      115 
 0105     5558 
 0106     1382 
 0107      696 
 0108       43 
 0109      272 
 0110       26 
 0111        2 
 0112       17 
 0113     3393 
 0114     1775 
 0115      880 
 0116      193 
 0117       59 
 0118       39 
 0119       38 
 0120      382 
 0121     8123 
 0122     1807 
 0123       40 
 0124      250 
 0125      234 
 0126        0 
 0127        0 
 0128      983 
 0129     4645 
 0130     3776 
 0131     1339 
 0132        0 
 0133       78 
 0134        0 
 0135      703 
 0136      952 
 0137     4683 
 0138      115 
 0139      447 
 0140       81 
 0141      168 
 0142      309 
 0143      113 
 0144       39 
 0145     5074 
 0146      537 
 0147       30 
 0148        0 
 0149       80 
 0150       45 
 0151        0 
 0152       90 
 0153    17237 
 0154      749 
 0155       62 
 0156       78 
 0157       79 
 0158        0 
 0159      304 
 0160       38 
 0161     5647 
 0162       38 
 0163        0 
 0164        0 
 0165      304 
 0166        0 
 0167       76 
 0168       38 
 0169     1864 
 0170      515 
 0171        0 
 0172      508 
 0173      195 
 0174       38 
 0175       40 
 0176        0 
 0177     5241 
 0178      148 
 0179        0 
 0180        0 
 0181        0 
 0182       38 
 0183        0 
 0184      143 
 0185     3632 
 0186      367 
 0187       26 
 0188       38 
 0189       39 
 0190        0 
 0191       38 
 0192        0 
 0193     5963 
 0194       11 
 0195      114 
 0196        0 
 0197      154 
 0198        0 
 0199      403 
 0200        0 
 0201     2933 
 0202       38 
 0203        0 
 0204        0 
 0205        0 
 0206        0 
 0207        0 
 0208        0 
 0209     2339 
 0210        3 
 0211       74 
 0212        0 
 0213       39 
 0214        0 
 0215        7 
 0216      229 
 0217     7630 
 0218     2161 
 0219        0 
 0220      304 
 0221      606 
 0222        0 
 0223        0 
 0224       77 
 0225    11959 
 0226       19 
 0227        0 
 0228       75 
 0229       38 
 0230        0 
 0231        0 
 0232       39 
 0233     3115 
 0234      906 
 0235        0 
 0236       37 
 0237      412 
 0238        0 
 0239        0 
 0240       39 
 0241     2047 
 0242        0 
 0243       26 
 0244        0 
 0245       39 
 0246      295 
 0247        0 
 0248        0 
 0249      975 
 0250        4 
 0251       36 
 0252        0 
 0253        0 
 0254        0 
 0255        0 
 0256        0 
 0257     3125 
 0258     3359 
 0259       11 
 0260      371 
 0261       39 
 0262        0 
 0263        0 
 0264        0 
 0265     2912 
 0266      821 
 0267       38 
 0268        0 
 0269       38 
 0270       37 
 0271        0 
 0272        0 
 0273     4601 
 0274       75 
 0275       89 
 0276        0 
 0277       78 
 0278        0 
 0279        0 
 0280        0 
 0281     1424 
 0282        0 
 0283       26 
 0284        0 
 0285        0 
 0286        0 
 0287        0 
 0288        0 
 0289     3153 
 0290        0 
 0291       89 
 0292     2474 
 0293    11545 
 0294     2061 
 0295     2140 
 0296        0 
 0297     1260 
 0298        0 
 0299     1469 
 0300      423 
 0301      346 
 0302      179 
 0303        0 
 0304        0 
 0305     2232 
 0306        0 
 0307        0 
 0308        0 
 0309       39 
 0310       37 
 0311        0 
 0312    42357 
 0313     7617 
 0314     4258 
 0315      543 
 0316      543 
 0317     1537 
 0318      634 
 0319     1304 
 0320     1110 
 0321     1380 
 0322      537 
 0323       76 
 0324      123 
 0325      154 
 0326      944 
 0327       38 
 0328      398 
 0329     1456 
 0330     1365 
 0331       83 
 0332      227 
 0333      153 
 0334        0 
 0335       38 
 0336        0 
 0337     1256 
 0338     1535 
 0339      115 
 0340       38 
 0341        0 
 0342       41 
 0343      116 
 0344       81 
 0345     3345 
 0346       79 
 0347       78 
 0348        0 
 0349      504 
 0350      385 
 0351        0 
 0352        0 
 0353     2047 
 0354       44 
 0355        0 
 0356        0 
 0357      689 
 0358       38 
 0359        0 
 0360       26 
 0361     2526 
 0362       39 
 0363        0 
 0364        0 
 0365      385 
 0366        0 
 0367        0 
 0368        0 
 0369     3251 
 0370       38 
 0371     1120 
 0372        0 
 0373      287 
 0374        0 
 0375        0 
 0376        0 
 0377     3559 
 0378        0 
 0379        0 
 0380        4 
 0381     8708 
 0382        0 
 0383        0 
 0384        4 
 0385     5742 
 0386      441 
 0387       26 
 0388      416 
 0389     1797 
 0390       38 
 0391      334 
 0392        0 
 0393     5069 
 0394      137 
 0395        0 
 0396      834 
 0397       38 
 0398        0 
 0399        0 
 0400        0 
 0401     1996 
 0402        0 
 0403       67 
 0404      398 
 0405       39 
 0406       39 
 0407        4 
 0408        0 
 0409     5626 
 0410      421 
 0411      369 
 0412        0 
 0413       39 
 0414        0 
 0415       38 
 0416        0 
 0417     2304 
 0418      820 
 0419        0 
 0420       38 
 0421       38 
 0422        0 
 0423       38 
 0424        0 
 0425      655 
 0426      407 
 0427       26 
 0428       78 
 0429     3131 
 0430       38 
 0431       38 
 0432        0 
 0433     2064 
 0434      694 
 0435       89 
 0436       38 
 0437       39 
 0438      348 
 0439       38 
 0440        0 
 0441     2568 
 0442        0 
 0443        0 
 0444        0 
 0445        0 
 0446        0 
 0447        0 
 0448        0 
 0449     4030 
 0450        0 
 0451        0 
 0452        0 
 0453       38 
 0454        0 
 0455        0 
 0456       79 
 0457     1228 
 0458      384 
 0459        0 
 0460        0 
 0461       76 
 0462      381 
 0463        0 
 0464        0 
 0465     1501 
 0466      757 
 0467        0 
 0468        0 
 0469        0 
 0470        0 
 0471        0 
 0472        0 
 0473     2412 
 0474        0 
 0475        0 
 0476        0 
 0477       78 
 0478        0 
 0479       37 
 0480        0 
 0481      775 
 0482        0 
 0483      340 
 0484       39 
 0485       76 
 0486        0 
 0487        0 
 0488       37 
 0489      857 
 0490        0 
 0491        0 
 0492        0 
 0493        0 
 0494        0 
 0495        0 
 0496        0 
 0497     3310 
 0498       80 
 0499        0 
 0500        0 
 0501        0 
 0502        0 
 0503       76 
 0504        0 
 0505     5453 
 0506        0 
 0507        0 
 0508        0 
 0509      115 
 0510       37 
 0511        0 
 0512        0 
 0513     1800 
 0514     2373 
 0515       66 
 0516      112 
 0517      390 
 0518        0 
 0519        0 
 0520        0 
 0521     2330 
 0522      738 
 0523        0 
 0524        0 
 0525        0 
 0526        0 
 0527        0 
 0528        0 
 0529     1513 
 0530       75 
 0531       38 
 0532        0 
 0533       39 
 0534       38 
 0535        0 
 0536       39 
 0537     1073 
 0538       38 
 0539       23 
 0540       38 
 0541        0 
 0542        0 
 0543        0 
 0544        0 
 0545     2726 
 0546      712 
 0547       98 
 0548        0 
 0549        0 
 0550        0 
 0551        0 
 0552        0 
 0553      872 
 0554        0 
 0555        0 
 0556        0 
 0557      155 
 0558        0 
 0559       38 
 0560        0 
 0561     2258 
 0562       38 
 0563        0 
 0564        0 
 0565       76 
 0566        0 
 0567       77 
 0568        0 
 0569      633 
 0570        0 
 0571        0 
 0572        0 
 0573      911 
 0574        0 
 0575      117 
 0576       23 
 0577     1331 
 0578        0 
 0579        0 
 0580        0 
 0581       76 
 0582        0 
 0583        0 
 0584        0 
 0585     2143 
 0586       62 
 0587        0 
 0588        0 
 0589      342 
 0590        0 
 0591        0 
 0592        0 
 0593     3452 
 0594      386 
 0595        0 
 0596       38 
 0597        0 
 0598        5 
 0599        0 
 0600        0 
 0601     2151 
 0602        0 
 0603        0 
 0604        0 
 0605        0 
 0606        0 
 0607        0 
 0608        0 
 0609     1169 
 0610        0 
 0611        0 
 0612        0 
 0613      327 
 0614        0 
 0615        0 
 0616        0 
 0617     1522 
 0618        0 
 0619        0 
 0620        0 
 0621      350 
 0622        0 
 0623      817 
 0624        0 
 0625     1933 
 0626      227 
 0627       26 
 0628        0 
 0629        0 
 0630        0 
 0631        0 
 0632        0 
 0633      114 
 0634        0 
 0635        0 
 0636        0 
 0637       39 
 0638        0 
 0639        0 
 0640        0 
 0641     1324 
 0642      251 
 0643       26 
 0644        0 
 0645      175 
 0646        0 
 0647        0 
 0648        0 
 0649        0 
 0650        0 
 0651        0 
 0652        0 
 0653       39 
 0654        0 
 0655        0 
 0656        0 
 0657    42104 
 0658        0 
 0659        0 
 0660        0 
 0661       38 
 0662        0 
 0663        0 
 0664        0 
 0665      480 
 0666        0 
 0667        0 
 0668        0 
 0669        0 
 0670        0 
 0671        0 
 0672        0 
 0673     2080 
 0674        0 
 0675        0 
 0676        0 
 0677       78 
 0678        0 
 0679        0 
 0680        0 
 0681     1736 
 0682        0 
 0683      559 
 0684        0 
 0685        0 
 0686        0 
 0687        0 
 0688        0 
 0689     2821 
 0690        0 
 0691      457 
 0692        0 
 0693        0 
 0694        0 
 0695       39 
 0696        0 
 0697      920 
 0698        0 
 0699        0 
 0700        0 
 0701      503 
 0702        0 
 0703        0 
 0704      424 
 0705        0 
 0706      429 
 0707        0 
 0708        0 
 0709       39 
 0710        0 
 0711        0 
 0712        0 
 0713     1577 
 0714       36 
 0715        0 
 0716        0 
 0717       38 
 0718        0 
 0719        0 
 0720        0 
 0721      952 
 0722        0 
 0723       26 
 0724        0 
 0725        0 
 0726        0 
 0727        0 
 0728        0 
 0729      116 
 0730        2 
 0731        0 
 0732        0 
 0733       78 
 0734        0 
 0735        0 
 0736        0 
 0737      816 
 0738        0 
 0739        0 
 0740       38 
 0741        0 
 0742        0 
 0743        0 
 0744        0 
 0745      376 
 0746        0 
 0747        0 
 0748        0 
 0749        0 
 0750        0 
 0751        0 
 0752      696 
 0753      793 
 0754        0 
 0755        0 
 0756        0 
 0757        0 
 0758        0 
 0759        0 
 0760        0 
 0761      659 
 0762        0 
 0763        0 
 0764        0 
 0765       39 
 0766        0 
 0767        0 
 0768       39 
 0769     1086 
 0770     1770 
 0771       27 
 0772        0 
 0773        0 
 0774        0 
 0775        0 
 0776        0 
 0777     1317 
 0778        0 
 0779        0 
 0780        0 
 0781        0 
 0782        0 
 0783        0 
 0784        0 
 0785      759 
 0786        0 
 0787        0 
 0788        0 
 0789       39 
 0790        0 
 0791        0 
 0792        0 
 0793      543 
 0794        0 
 0795        0 
 0796        0 
 0797        0 
 0798        0 
 0799        0 
 0800        0 
 0801      404 
 0802        0 
 0803        1 
 0804        0 
 0805        0 
 0806        0 
 0807        0 
 0808        0 
 0809      936 
 0810        0 
 0811        0 
 0812        0 
 0813       38 
 0814        0 
 0815        0 
 0816        0 
 0817      800 
 0818        0 
 0819        0 
 0820        0 
 0821        0 
 0822        0 
 0823        0 
 0824        0 
 0825      348 
 0826        0 
 0827        0 
 0828        0 
 0829      280 
 0830        0 
 0831        0 
 0832    74672 
 0833     3668 
 0834       64 
 0835        0 
 0836        0 
 0837        0 
 0838        0 
 0839        0 
 0840        0 
 0841      342 
 0842        0 
 0843        0 
 0844        0 
 0845        0 
 0846        0 
 0958        0 
 0959        0 
 0960        0 
 0961     1069 
 0962        0 
 0963        0 
 0964        0 
 0965        0 
 0966        0 
 0967        0 
 0968        0 
 0969      828 
 0970        0 
 0971        0 
 0972        0 
 0973        0 
 0974        0 
 0975        0 
 0976        0 
 0977      231 
 0978        0 
 0979        0 
 0980        0 
 0981        0 
 0982        0 
 0983      338 
 0984        0 
 0985        0 
 0986       38 
 0987      306 
 0988        0 
 0989        0 
 0990        0 
 0991        0 
 0992        0 
 0993     1488 
 0994        0 
 0995        0 
 0996        0 
 0997        0 
 0998        0 
 0999       26 
 1000        0 
 1001     1769 
 1002       38 
 1003      270 
 1004        0 
 1005       39 
 1006        0 
 1007        0 
 1008        0 
 1009      260 
 1010        0 
 1011        0 
 1012        0 
 1013        0 
 1014        0 
 1015        0 
 1016        0 
 1017      733 
 1018        0 
 1019        0 
 1020        0 
 1021        0 
 1022        0 
 1023        1 
