 0000    16684 
 0001  1329754 
 0002   440628 
 0003   304161 
 0004    72389 
 0005    89689 
 0006     6504 
 0007     7144 
 0008     7293 
 0009    99464 
 0010    11399 
 0011    21920 
 0012     6257 
 0013     8426 
 0014     1704 
 0015     6071 
 0016      477 
 0017    67017 
 0018     9065 
 0019     2921 
 0020     4361 
 0021     4000 
 0022      413 
 0023      392 
 0024      140 
 0025    65035 
 0026    37457 
 0027     3278 
 0028      102 
 0029      355 
 0030      124 
 0031      843 
 0032      403 
 0033     8548 
 0034     2359 
 0035     1181 
 0036      148 
 0037      237 
 0038      392 
 0039      261 
 0040      243 
 0041    19145 
 0042     8341 
 0043      191 
 0044       39 
 0045      287 
 0046       20 
 0047      180 
 0048      110 
 0049     3116 
 0050      371 
 0051     4541 
 0052       41 
 0053      399 
 0054       82 
 0055       85 
 0056       99 
 0057     1767 
 0058       74 
 0059     1198 
 0060      641 
 0061      232 
 0062      148 
 0063       30 
 0064       28 
 0065      836 
 0066      140 
 0067       49 
 0068        5 
 0069      588 
 0070      129 
 0071        9 
 0072       82 
 0073     1076 
 0074       63 
 0075       10 
 0076       10 
 0077      118 
 0078        0 
 0079       15 
 0080        6 
 0081     1503 
 0082       27 
 0083       48 
 0084      217 
 0085       32 
 0086       24 
 0087        0 
 0088        4 
 0089      441 
 0090      963 
 0091       29 
 0092        0 
 0093       73 
 0094       68 
 0095       30 
 0096        0 
 0097      841 
 0098       48 
 0099       60 
 0100        0 
 0101      357 
 0102        5 
 0103        0 
 0104       20 
 0105      835 
 0106      130 
 0107       58 
 0108        9 
 0109       40 
 0110        5 
 0111        0 
 0112        4 
 0113      489 
 0114      167 
 0115       84 
 0116       28 
 0117       13 
 0118        4 
 0119        5 
 0120       42 
 0121      920 
 0122      230 
 0123        5 
 0124       30 
 0125       32 
 0126        0 
 0127        0 
 0128      125 
 0129      522 
 0130      473 
 0131      131 
 0132        0 
 0133       10 
 0134        0 
 0135       93 
 0136      146 
 0137      583 
 0138       16 
 0139       47 
 0140       13 
 0141       20 
 0142       35 
 0143       15 
 0144       10 
 0145      574 
 0146       97 
 0147       15 
 0148        0 
 0149       11 
 0150        6 
 0151        0 
 0152       20 
 0153     1621 
 0154       92 
 0155       10 
 0156        9 
 0157       13 
 0158        0 
 0159       38 
 0160        5 
 0161      529 
 0162        4 
 0163        0 
 0164        0 
 0165       40 
 0166        0 
 0167        9 
 0168        4 
 0169      219 
 0170       42 
 0171        0 
 0172       51 
 0173       30 
 0174        5 
 0175        5 
 0176        0 
 0177      502 
 0178       16 
 0179        0 
 0180        0 
 0181        0 
 0182        5 
 0183        0 
 0184       19 
 0185      405 
 0186       21 
 0187        5 
 0188        4 
 0189        6 
 0190        0 
 0191        5 
 0192        0 
 0193      573 
 0194        2 
 0195       14 
 0196        0 
 0197       20 
 0198        0 
 0199       29 
 0200        0 
 0201      414 
 0202        4 
 0203        0 
 0204        0 
 0205        0 
 0206        0 
 0207        0 
 0208        0 
 0209      317 
 0210        0 
 0211       13 
 0212        0 
 0213        6 
 0214        0 
 0215        0 
 0216       30 
 0217    12753 
 0218      278 
 0219        0 
 0220       41 
 0221       76 
 0222        0 
 0223        0 
 0224       10 
 0225     1374 
 0226        1 
 0227        0 
 0228       10 
 0229        6 
 0230        0 
 0231        0 
 0232        5 
 0233      397 
 0234       81 
 0235        0 
 0236        5 
 0237       46 
 0238        0 
 0239        0 
 0240        5 
 0241      640 
 0242        0 
 0243        5 
 0244        0 
 0245        6 
 0246        0 
 0247        0 
 0248        0 
 0249      188 
 0250        0 
 0251        5 
 0252        0 
 0253        0 
 0254        0 
 0255        0 
 0256        0 
 0257      332 
 0258      536 
 0259        0 
 0260       50 
 0261        6 
 0262        0 
 0263        0 
 0264        0 
 0265      397 
 0266       99 
 0267        5 
 0268        0 
 0269        5 
 0270        4 
 0271        0 
 0272        0 
 0273      554 
 0274       15 
 0275       15 
 0276        0 
 0277       12 
 0278        0 
 0279        0 
 0280        0 
 0281      153 
 0282        0 
 0283        5 
 0284        0 
 0285        0 
 0286        0 
 0287        0 
 0288        0 
 0289      834 
 0290        0 
 0291       15 
 0292      501 
 0293     1607 
 0294      279 
 0295      294 
 0296        0 
 0297      236 
 0298        0 
 0299      173 
 0300       52 
 0301       55 
 0302       10 
 0303        0 
 0304        0 
 0305      309 
 0306        0 
 0307        0 
 0308        0 
 0309        6 
 0310        4 
 0311        0 
 0312     5536 
 0313     1056 
 0314      619 
 0315       86 
 0316       67 
 0317      185 
 0318       82 
 0319      178 
 0320      141 
 0321      180 
 0322       65 
 0323       12 
 0324       19 
 0325       21 
 0326      124 
 0327        5 
 0328       59 
 0329      180 
 0330      221 
 0331       13 
 0332       27 
 0333       21 
 0334        0 
 0335        5 
 0336        0 
 0337      176 
 0338       57 
 0339       14 
 0340        5 
 0341        0 
 0342        5 
 0343       15 
 0344       10 
 0345      230 
 0346       11 
 0347       10 
 0348        0 
 0349       47 
 0350       55 
 0351        0 
 0352        0 
 0353      440 
 0354        5 
 0355        0 
 0356        0 
 0357       85 
 0358        5 
 0359        0 
 0360        5 
 0361     1461 
 0362        6 
 0363        0 
 0364        0 
 0365       65 
 0366        0 
 0367        0 
 0368        0 
 0369      640 
 0370        5 
 0371      166 
 0372        0 
 0373       42 
 0374        0 
 0375        0 
 0376        0 
 0377      724 
 0378        0 
 0379        0 
 0380        3 
 0381       72 
 0382        0 
 0383        0 
 0384        4 
 0385      462 
 0386       47 
 0387        5 
 0388       55 
 0389      257 
 0390        5 
 0391       35 
 0392        0 
 0393      589 
 0394       17 
 0395        0 
 0396      103 
 0397        5 
 0398        0 
 0399        0 
 0400        0 
 0401      242 
 0402        0 
 0403       11 
 0404       50 
 0405        6 
 0406        6 
 0407        3 
 0408        0 
 0409      668 
 0410       51 
 0411       33 
 0412        0 
 0413        6 
 0414        0 
 0415        5 
 0416        0 
 0417      284 
 0418      100 
 0419        0 
 0420        5 
 0421        5 
 0422        0 
 0423        5 
 0424        0 
 0425       84 
 0426       37 
 0427        5 
 0428       11 
 0429       68 
 0430        4 
 0431        5 
 0432        0 
 0433      224 
 0434       56 
 0435       14 
 0436        5 
 0437        6 
 0438       24 
 0439        5 
 0440        0 
 0441      303 
 0442        0 
 0443        0 
 0444        0 
 0445        0 
 0446        0 
 0447        0 
 0448        0 
 0449     1109 
 0450        4 
 0451        0 
 0452        0 
 0453        6 
 0454        0 
 0455        0 
 0456       10 
 0457      145 
 0458       51 
 0459        0 
 0460        0 
 0461       10 
 0462       51 
 0463        0 
 0464        0 
 0465      170 
 0466       94 
 0467        0 
 0468        0 
 0469        0 
 0470        0 
 0471        0 
 0472        0 
 0473      289 
 0474        0 
 0475        0 
 0476        0 
 0477       12 
 0478        0 
 0479        4 
 0480        0 
 0481       89 
 0482        0 
 0483       36 
 0484        6 
 0485       10 
 0486        0 
 0487        0 
 0488        4 
 0489      125 
 0490        0 
 0491        0 
 0492        0 
 0493        0 
 0494        0 
 0495        0 
 0496        0 
 0497      481 
 0498       10 
 0499        0 
 0500        0 
 0501        0 
 0502        0 
 0503       10 
 0504        0 
 0505      378 
 0506        0 
 0507        0 
 0508        0 
 0509       16 
 0510        0 
 0511        0 
 0512        0 
 0513      223 
 0514      311 
 0515        5 
 0516       12 
 0517       51 
 0518        0 
 0519        0 
 0520        0 
 0521      367 
 0522       96 
 0523        0 
 0524        0 
 0525        0 
 0526        0 
 0527        0 
 0528        0 
 0529      206 
 0530       10 
 0531        5 
 0532        0 
 0533        5 
 0534        5 
 0535        0 
 0536        4 
 0537      131 
 0538        5 
 0539        4 
 0540        5 
 0541        0 
 0542        0 
 0543        0 
 0544        0 
 0545      435 
 0546       79 
 0547       10 
 0548        0 
 0549        0 
 0550        0 
 0551        0 
 0552        0 
 0553      138 
 0554        0 
 0555        0 
 0556        0 
 0557       20 
 0558        0 
 0559        5 
 0560        0 
 0561      140 
 0562        5 
 0563        0 
 0564        0 
 0565       10 
 0566        0 
 0567       10 
 0568        0 
 0569       72 
 0570        0 
 0571        0 
 0572        0 
 0573      130 
 0574        0 
 0575       14 
 0576        5 
 0577      164 
 0578        0 
 0579        0 
 0580        0 
 0581       10 
 0582        0 
 0583        0 
 0584        0 
 0585      377 
 0586        5 
 0587        0 
 0588        0 
 0589       40 
 0590        0 
 0591        0 
 0592        0 
 0593      221 
 0594       32 
 0595        0 
 0596        5 
 0597        0 
 0598        3 
 0599        0 
 0600        0 
 0601      391 
 0602        0 
 0603        0 
 0604        0 
 0605        0 
 0606        0 
 0607        0 
 0608        0 
 0609      121 
 0610        0 
 0611        0 
 0612        0 
 0613       39 
 0614        0 
 0615        0 
 0616        0 
 0617      193 
 0618        0 
 0619        0 
 0620        0 
 0621       55 
 0622        0 
 0623      101 
 0624        0 
 0625      272 
 0626       19 
 0627        5 
 0628        0 
 0629        0 
 0630        0 
 0631        0 
 0632        0 
 0633       15 
 0634        0 
 0635        0 
 0636        0 
 0637        5 
 0638        0 
 0639        0 
 0640        0 
 0641      169 
 0642       29 
 0643        5 
 0644        0 
 0645       18 
 0646        0 
 0647        0 
 0648        0 
 0649        0 
 0650        0 
 0651        0 
 0652        0 
 0653        5 
 0654        0 
 0655        0 
 0656        0 
 0657     4589 
 0658        0 
 0659        0 
 0660        0 
 0661        5 
 0662        0 
 0663        0 
 0664        0 
 0665       43 
 0666        0 
 0667        0 
 0668        0 
 0669        0 
 0670        0 
 0671        0 
 0672        0 
 0673      231 
 0674        0 
 0675        0 
 0676        0 
 0677       11 
 0678        0 
 0679        0 
 0680        0 
 0681       34 
 0682        0 
 0683       52 
 0684        0 
 0685        0 
 0686        0 
 0687        0 
 0688        0 
 0689     9307 
 0690        0 
 0691       65 
 0692        0 
 0693        0 
 0694        0 
 0695        6 
 0696        0 
 0697      144 
 0698        0 
 0699        0 
 0700        0 
 0701       54 
 0702        0 
 0703        0 
 0704       61 
 0705        0 
 0706       60 
 0707        0 
 0708        0 
 0709        6 
 0710        0 
 0711        0 
 0712        0 
 0713      210 
 0714        4 
 0715        0 
 0716        0 
 0717        5 
 0718        0 
 0719        0 
 0720        0 
 0721      168 
 0722        0 
 0723        5 
 0724        0 
 0725        0 
 0726        0 
 0727        0 
 0728        0 
 0729       21 
 0730        0 
 0731        0 
 0732        0 
 0733       10 
 0734        0 
 0735        0 
 0736        0 
 0737      117 
 0738        0 
 0739        0 
 0740        5 
 0741        0 
 0742        0 
 0743        0 
 0744        0 
 0745       53 
 0746        0 
 0747        0 
 0748        0 
 0749        0 
 0750        0 
 0751        0 
 0752       90 
 0753     1562 
 0754        0 
 0755        0 
 0756        0 
 0757        0 
 0758        0 
 0759        0 
 0760        0 
 0761      107 
 0762        0 
 0763        0 
 0764        0 
 0765        6 
 0766        0 
 0767        0 
 0768        6 
 0769      165 
 0770      239 
 0771        5 
 0772        0 
 0773        0 
 0774        0 
 0775        0 
 0776        0 
 0777      172 
 0778        0 
 0779        0 
 0780        0 
 0781        0 
 0782        0 
 0783        0 
 0784        0 
 0785      140 
 0786        0 
 0787        0 
 0788        0 
 0789        6 
 0790        0 
 0791        0 
 0792        0 
 0793       69 
 0794        0 
 0795        0 
 0796        0 
 0797        0 
 0798        0 
 0799        0 
 0800        0 
 0801       44 
 0802        0 
 0803        0 
 0804        0 
 0805        0 
 0806        0 
 0807        0 
 0808        0 
 0809      221 
 0810        0 
 0811        0 
 0812        0 
 0813        6 
 0814        0 
 0815        0 
 0816        0 
 0817      188 
 0818        0 
 0819        0 
 0820        0 
 0821        0 
 0822        0 
 0823        0 
 0824        0 
 0825      113 
 0826        0 
 0827        0 
 0828        0 
 0829       48 
 0830        0 
 0831        0 
 0832       37 
 0833      764 
 0834       10 
 0835        0 
 0836        0 
 0837        0 
 0838        0 
 0839        0 
 0840        0 
 0841       44 
 0842        0 
 0843        0 
 0844        0 
 0845        0 
 0846        0 
 0958        0 
 0959        0 
 0960        0 
 0961      143 
 0962        0 
 0963        0 
 0964        0 
 0965        0 
 0966        0 
 0967        0 
 0968        0 
 0969       99 
 0970        0 
 0971        0 
 0972        0 
 0973        0 
 0974        0 
 0975        0 
 0976        0 
 0977       47 
 0978        0 
 0979        0 
 0980        0 
 0981        0 
 0982        0 
 0983       42 
 0984        0 
 0985        0 
 0986        5 
 0987       38 
 0988        0 
 0989        0 
 0990        0 
 0991        0 
 0992        0 
 0993      204 
 0994        0 
 0995        0 
 0996        0 
 0997        0 
 0998        0 
 0999        5 
 1000        0 
 1001      221 
 1002        5 
 1003       30 
 1004        0 
 1005        6 
 1006        0 
 1007        0 
 1008        0 
 1009       44 
 1010        0 
 1011        0 
 1012        0 
 1013        0 
 1014        0 
 1015        0 
 1016        0 
 1017      113 
 1018        0 
 1019        0 
 1020        0 
 1021        0 
 1022        0 
 1023        0 
