[ 1074.880446] sysrq: SysRq : start to print 1k memcmp cnt
[ 1074.880516] 
[ 1074.880516] >>>>>>>>>>> memcmp_dump_res[1024] >>>>>>>>>>>>>>
[ 1074.880584] [0000]:    16684; 
[ 1074.880584] 
[ 1074.880640] [0001]:  1329754; 
[ 1074.880640] [0002]:   440628; 
[ 1074.880674] [0003]:   304161; 
[ 1074.880708] [0004]:    72389; 
[ 1074.880741] [0005]:    89689; 
[ 1074.880774] [0006]:     6504; 
[ 1074.880808] [0007]:     7144; 
[ 1074.880841] [0008]:     7293; 
[ 1074.880874] 
[ 1074.880930] [0009]:    99464; 
[ 1074.880931] [0010]:    11399; 
[ 1074.880964] [0011]:    21920; 
[ 1074.880997] [0012]:     6257; 
[ 1074.881031] [0013]:     8426; 
[ 1074.881064] [0014]:     1704; 
[ 1074.881098] [0015]:     6071; 
[ 1074.881131] [0016]:      477; 
[ 1074.881164] 
[ 1074.881220] [0017]:    67017; 
[ 1074.881220] [0018]:     9065; 
[ 1074.881253] [0019]:     2921; 
[ 1074.881287] [0020]:     4361; 
[ 1074.881320] [0021]:     4000; 
[ 1074.881353] [0022]:      413; 
[ 1074.881387] [0023]:      392; 
[ 1074.881420] [0024]:      140; 
[ 1074.881454] 
[ 1074.881509] [0025]:    65035; 
[ 1074.881510] [0026]:    37457; 
[ 1074.881543] [0027]:     3278; 
[ 1074.881577] [0028]:      102; 
[ 1074.881610] [0029]:      355; 
[ 1074.881643] [0030]:      124; 
[ 1074.881677] [0031]:      843; 
[ 1074.881710] [0032]:      403; 
[ 1074.881744] 
[ 1074.881799] [0033]:     8548; 
[ 1074.881800] [0034]:     2359; 
[ 1074.881833] [0035]:     1181; 
[ 1074.881867] [0036]:      148; 
[ 1074.881900] [0037]:      237; 
[ 1074.881933] [0038]:      392; 
[ 1074.881966] [0039]:      261; 
[ 1074.882000] [0040]:      243; 
[ 1074.882033] 
[ 1074.882088] [0041]:    19145; 
[ 1074.882089] [0042]:     8341; 
[ 1074.882122] [0043]:      191; 
[ 1074.882156] [0044]:       39; 
[ 1074.882189] [0045]:      287; 
[ 1074.882222] [0046]:       20; 
[ 1074.882256] [0047]:      180; 
[ 1074.882289] [0048]:      110; 
[ 1074.882323] 
[ 1074.882378] [0049]:     3116; 
[ 1074.882379] [0050]:      371; 
[ 1074.882412] [0051]:     4541; 
[ 1074.882445] [0052]:       41; 
[ 1074.882479] [0053]:      399; 
[ 1074.882512] [0054]:       82; 
[ 1074.882546] [0055]:       85; 
[ 1074.882579] [0056]:       99; 
[ 1074.882612] 
[ 1074.882668] [0057]:     1767; 
[ 1074.882668] [0058]:       74; 
[ 1074.882702] [0059]:     1198; 
[ 1074.882735] [0060]:      641; 
[ 1074.882768] [0061]:      232; 
[ 1074.882802] [0062]:      148; 
[ 1074.882835] [0063]:       30; 
[ 1074.882869] [0064]:       28; 
[ 1074.882902] 
[ 1074.882958] [0065]:      836; 
[ 1074.882958] [0066]:      140; 
[ 1074.882991] [0067]:       49; 
[ 1074.883025] [0068]:        5; 
[ 1074.883058] [0069]:      588; 
[ 1074.883092] [0070]:      129; 
[ 1074.883125] [0071]:        9; 
[ 1074.883159] [0072]:       82; 
[ 1074.883192] 
[ 1074.883247] [0073]:     1076; 
[ 1074.883248] [0074]:       63; 
[ 1074.883281] [0075]:       10; 
[ 1074.883314] [0076]:       10; 
[ 1074.883348] [0077]:      118; 
[ 1074.883381] [0078]:        0; 
[ 1074.883414] [0079]:       15; 
[ 1074.883448] [0080]:        6; 
[ 1074.883481] 
[ 1074.883567] [0081]:     1503; 
[ 1074.883567] [0082]:       27; 
[ 1074.883633] [0083]:       48; 
[ 1074.883699] [0084]:      217; 
[ 1074.883766] [0085]:       32; 
[ 1074.883832] [0086]:       24; 
[ 1074.883898] [0087]:        0; 
[ 1074.883965] [0088]:        4; 
[ 1074.884031] 
[ 1074.884141] [0089]:      441; 
[ 1074.884142] [0090]:      963; 
[ 1074.884208] [0091]:       29; 
[ 1074.884274] [0092]:        0; 
[ 1074.884340] [0093]:       73; 
[ 1074.884407] [0094]:       68; 
[ 1074.884473] [0095]:       30; 
[ 1074.884539] [0096]:        0; 
[ 1074.884606] 
[ 1074.884716] [0097]:      841; 
[ 1074.884717] [0098]:       48; 
[ 1074.884783] [0099]:       60; 
[ 1074.884849] [0100]:        0; 
[ 1074.884916] [0101]:      357; 
[ 1074.884982] [0102]:        5; 
[ 1074.885048] [0103]:        0; 
[ 1074.885114] [0104]:       20; 
[ 1074.885181] 
[ 1074.885292] [0105]:      835; 
[ 1074.885292] [0106]:      130; 
[ 1074.885358] [0107]:       58; 
[ 1074.885425] [0108]:        9; 
[ 1074.885491] [0109]:       40; 
[ 1074.885557] [0110]:        5; 
[ 1074.885624] [0111]:        0; 
[ 1074.885690] [0112]:        4; 
[ 1074.885756] 
[ 1074.885867] [0113]:      489; 
[ 1074.885867] [0114]:      167; 
[ 1074.885933] [0115]:       84; 
[ 1074.885999] [0116]:       28; 
[ 1074.886066] [0117]:       13; 
[ 1074.886132] [0118]:        4; 
[ 1074.886198] [0119]:        5; 
[ 1074.886265] [0120]:       42; 
[ 1074.886331] 
[ 1074.886442] [0121]:      920; 
[ 1074.886442] [0122]:      230; 
[ 1074.886508] [0123]:        5; 
[ 1074.886575] [0124]:       30; 
[ 1074.886641] [0125]:       32; 
[ 1074.886707] [0126]:        0; 
[ 1074.886774] [0127]:        0; 
[ 1074.886841] [0128]:      125; 
[ 1074.886907] 
[ 1074.887017] [0129]:      522; 
[ 1074.887018] [0130]:      473; 
[ 1074.887084] [0131]:      131; 
[ 1074.887150] [0132]:        0; 
[ 1074.887217] [0133]:       10; 
[ 1074.887283] [0134]:        0; 
[ 1074.887350] [0135]:       93; 
[ 1074.887416] [0136]:      146; 
[ 1074.887482] 
[ 1074.887593] [0137]:      583; 
[ 1074.887594] [0138]:       16; 
[ 1074.887660] [0139]:       47; 
[ 1074.887726] [0140]:       13; 
[ 1074.887793] [0141]:       20; 
[ 1074.887859] [0142]:       35; 
[ 1074.887925] [0143]:       15; 
[ 1074.887992] [0144]:       10; 
[ 1074.888050] 
[ 1074.888105] [0145]:      574; 
[ 1074.888106] [0146]:       97; 
[ 1074.888139] [0147]:       15; 
[ 1074.888172] [0148]:        0; 
[ 1074.888206] [0149]:       11; 
[ 1074.888239] [0150]:        6; 
[ 1074.888272] [0151]:        0; 
[ 1074.888306] [0152]:       20; 
[ 1074.888339] 
[ 1074.888395] [0153]:     1621; 
[ 1074.888395] [0154]:       92; 
[ 1074.888428] [0155]:       10; 
[ 1074.888462] [0156]:        9; 
[ 1074.888495] [0157]:       13; 
[ 1074.888529] [0158]:        0; 
[ 1074.888562] [0159]:       38; 
[ 1074.888595] [0160]:        5; 
[ 1074.888628] 
[ 1074.888684] [0161]:      529; 
[ 1074.888685] [0162]:        4; 
[ 1074.888720] [0163]:        0; 
[ 1074.888754] [0164]:        0; 
[ 1074.888787] [0165]:       40; 
[ 1074.888820] [0166]:        0; 
[ 1074.888854] [0167]:        9; 
[ 1074.888887] [0168]:        4; 
[ 1074.888920] 
[ 1074.888976] [0169]:      219; 
[ 1074.888976] [0170]:       42; 
[ 1074.889010] [0171]:        0; 
[ 1074.889043] [0172]:       51; 
[ 1074.889077] [0173]:       30; 
[ 1074.889110] [0174]:        5; 
[ 1074.889143] [0175]:        5; 
[ 1074.889177] [0176]:        0; 
[ 1074.889210] 
[ 1074.889265] [0177]:      502; 
[ 1074.889266] [0178]:       16; 
[ 1074.889299] [0179]:        0; 
[ 1074.889332] [0180]:        0; 
[ 1074.889366] [0181]:        0; 
[ 1074.889399] [0182]:        5; 
[ 1074.889432] [0183]:        0; 
[ 1074.889501] [0184]:       19; 
[ 1074.889567] 
[ 1074.889678] [0185]:      405; 
[ 1074.889678] [0186]:       21; 
[ 1074.889744] [0187]:        5; 
[ 1074.889810] [0188]:        4; 
[ 1074.889877] [0189]:        6; 
[ 1074.889943] [0190]:        0; 
[ 1074.890010] [0191]:        5; 
[ 1074.890076] [0192]:        0; 
[ 1074.890142] 
[ 1074.890253] [0193]:      573; 
[ 1074.890253] [0194]:        2; 
[ 1074.890319] [0195]:       14; 
[ 1074.890385] [0196]:        0; 
[ 1074.890452] [0197]:       20; 
[ 1074.890518] [0198]:        0; 
[ 1074.890584] [0199]:       29; 
[ 1074.890651] [0200]:        0; 
[ 1074.890717] 
[ 1074.890828] [0201]:      414; 
[ 1074.890828] [0202]:        4; 
[ 1074.890895] [0203]:        0; 
[ 1074.890961] [0204]:        0; 
[ 1074.891027] [0205]:        0; 
[ 1074.891094] [0206]:        0; 
[ 1074.891160] [0207]:        0; 
[ 1074.891226] [0208]:        0; 
[ 1074.891292] 
[ 1074.891403] [0209]:      317; 
[ 1074.891403] [0210]:        0; 
[ 1074.891469] [0211]:       13; 
[ 1074.891536] [0212]:        0; 
[ 1074.891602] [0213]:        6; 
[ 1074.891669] [0214]:        0; 
[ 1074.891735] [0215]:        0; 
[ 1074.891801] [0216]:       30; 
[ 1074.891868] 
[ 1074.891979] [0217]:    12753; 
[ 1074.891979] [0218]:      278; 
[ 1074.892045] [0219]:        0; 
[ 1074.892111] [0220]:       41; 
[ 1074.892178] [0221]:       76; 
[ 1074.892244] [0222]:        0; 
[ 1074.892311] [0223]:        0; 
[ 1074.892377] [0224]:       10; 
[ 1074.892443] 
[ 1074.892554] [0225]:     1374; 
[ 1074.892554] [0226]:        1; 
[ 1074.892620] [0227]:        0; 
[ 1074.892687] [0228]:       10; 
[ 1074.892753] [0229]:        6; 
[ 1074.892819] [0230]:        0; 
[ 1074.892886] [0231]:        0; 
[ 1074.892952] [0232]:        5; 
[ 1074.893018] 
[ 1074.893129] [0233]:      397; 
[ 1074.893129] [0234]:       81; 
[ 1074.893196] [0235]:        0; 
[ 1074.893262] [0236]:        5; 
[ 1074.893328] [0237]:       46; 
[ 1074.893395] [0238]:        0; 
[ 1074.893461] [0239]:        0; 
[ 1074.893528] [0240]:        5; 
[ 1074.893594] 
[ 1074.893705] [0241]:      640; 
[ 1074.893705] [0242]:        0; 
[ 1074.893771] [0243]:        5; 
[ 1074.893837] [0244]:        0; 
[ 1074.893904] [0245]:        6; 
[ 1074.893970] [0246]:        0; 
[ 1074.894003] [0247]:        0; 
[ 1074.894036] [0248]:        0; 
[ 1074.894070] 
[ 1074.894125] [0249]:      188; 
[ 1074.894126] [0250]:        0; 
[ 1074.894159] [0251]:        5; 
[ 1074.894192] [0252]:        0; 
[ 1074.894226] [0253]:        0; 
[ 1074.894259] [0254]:        0; 
[ 1074.894293] [0255]:        0; 
[ 1074.894326] [0256]:        0; 
[ 1074.894359] 
[ 1074.894415] [0257]:      332; 
[ 1074.894415] [0258]:      536; 
[ 1074.894449] [0259]:        0; 
[ 1074.894482] [0260]:       50; 
[ 1074.894515] [0261]:        6; 
[ 1074.894551] [0262]:        0; 
[ 1074.894585] [0263]:        0; 
[ 1074.894618] [0264]:        0; 
[ 1074.894651] 
[ 1074.894706] [0265]:      397; 
[ 1074.894707] [0266]:       99; 
[ 1074.894740] [0267]:        5; 
[ 1074.894774] [0268]:        0; 
[ 1074.894808] [0269]:        5; 
[ 1074.894841] [0270]:        4; 
[ 1074.894874] [0271]:        0; 
[ 1074.894907] [0272]:        0; 
[ 1074.894941] 
[ 1074.894996] [0273]:      554; 
[ 1074.894996] [0274]:       15; 
[ 1074.895030] [0275]:       15; 
[ 1074.895063] [0276]:        0; 
[ 1074.895097] [0277]:       12; 
[ 1074.895130] [0278]:        0; 
[ 1074.895164] [0279]:        0; 
[ 1074.895197] [0280]:        0; 
[ 1074.895230] 
[ 1074.895286] [0281]:      153; 
[ 1074.895286] [0282]:        0; 
[ 1074.895320] [0283]:        5; 
[ 1074.895353] [0284]:        0; 
[ 1074.895387] [0285]:        0; 
[ 1074.895420] [0286]:        0; 
[ 1074.895454] [0287]:        0; 
[ 1074.895487] [0288]:        0; 
[ 1074.895520] 
[ 1074.895576] [0289]:      834; 
[ 1074.895576] [0290]:        0; 
[ 1074.895609] [0291]:       15; 
[ 1074.895643] [0292]:      501; 
[ 1074.895676] [0293]:     1607; 
[ 1074.895710] [0294]:      279; 
[ 1074.895743] [0295]:      294; 
[ 1074.895777] [0296]:        0; 
[ 1074.895810] 
[ 1074.895865] [0297]:      236; 
[ 1074.895866] [0298]:        0; 
[ 1074.895899] [0299]:      173; 
[ 1074.895933] [0300]:       52; 
[ 1074.895972] [0301]:       55; 
[ 1074.896038] [0302]:       10; 
[ 1074.896105] [0303]:        0; 
[ 1074.896171] [0304]:        0; 
[ 1074.896238] 
[ 1074.896348] [0305]:      309; 
[ 1074.896349] [0306]:        0; 
[ 1074.896415] [0307]:        0; 
[ 1074.896481] [0308]:        0; 
[ 1074.896548] [0309]:        6; 
[ 1074.896614] [0310]:        4; 
[ 1074.896680] [0311]:        0; 
[ 1074.896747] [0312]:     5536; 
[ 1074.896813] 
[ 1074.896924] [0313]:     1056; 
[ 1074.896924] [0314]:      619; 
[ 1074.896990] [0315]:       86; 
[ 1074.897057] [0316]:       67; 
[ 1074.897123] [0317]:      185; 
[ 1074.897189] [0318]:       82; 
[ 1074.897256] [0319]:      178; 
[ 1074.897322] [0320]:      141; 
[ 1074.897388] 
[ 1074.897499] [0321]:      180; 
[ 1074.897499] [0322]:       65; 
[ 1074.897566] [0323]:       12; 
[ 1074.897632] [0324]:       19; 
[ 1074.897698] [0325]:       21; 
[ 1074.897765] [0326]:      124; 
[ 1074.897831] [0327]:        5; 
[ 1074.897898] [0328]:       59; 
[ 1074.897964] 
[ 1074.898074] [0329]:      180; 
[ 1074.898075] [0330]:      221; 
[ 1074.898141] [0331]:       13; 
[ 1074.898207] [0332]:       27; 
[ 1074.898274] [0333]:       21; 
[ 1074.898340] [0334]:        0; 
[ 1074.898407] [0335]:        5; 
[ 1074.898473] [0336]:        0; 
[ 1074.898539] 
[ 1074.898650] [0337]:      176; 
[ 1074.898651] [0338]:       57; 
[ 1074.898717] [0339]:       14; 
[ 1074.898783] [0340]:        5; 
[ 1074.898849] [0341]:        0; 
[ 1074.898916] [0342]:        5; 
[ 1074.898982] [0343]:       15; 
[ 1074.899049] [0344]:       10; 
[ 1074.899114] 
[ 1074.899225] [0345]:      230; 
[ 1074.899226] [0346]:       11; 
[ 1074.899292] [0347]:       10; 
[ 1074.899358] [0348]:        0; 
[ 1074.899425] [0349]:       47; 
[ 1074.899491] [0350]:       55; 
[ 1074.899557] [0351]:        0; 
[ 1074.899624] [0352]:        0; 
[ 1074.899690] 
[ 1074.899801] [0353]:      440; 
[ 1074.899801] [0354]:        5; 
[ 1074.899867] [0355]:        0; 
[ 1074.899934] [0356]:        0; 
[ 1074.900000] [0357]:       85; 
[ 1074.900067] [0358]:        5; 
[ 1074.900133] [0359]:        0; 
[ 1074.900199] [0360]:        5; 
[ 1074.900265] 
[ 1074.900376] [0361]:     1461; 
[ 1074.900376] [0362]:        6; 
[ 1074.900442] [0363]:        0; 
[ 1074.900503] [0364]:        0; 
[ 1074.900536] [0365]:       65; 
[ 1074.900570] [0366]:        0; 
[ 1074.900603] [0367]:        0; 
[ 1074.900637] [0368]:        0; 
[ 1074.900670] 
[ 1074.900726] [0369]:      640; 
[ 1074.900726] [0370]:        5; 
[ 1074.900760] [0371]:      166; 
[ 1074.900793] [0372]:        0; 
[ 1074.900826] [0373]:       42; 
[ 1074.900860] [0374]:        0; 
[ 1074.900893] [0375]:        0; 
[ 1074.900927] [0376]:        0; 
[ 1074.900960] 
[ 1074.901015] [0377]:      724; 
[ 1074.901015] [0378]:        0; 
[ 1074.901049] [0379]:        0; 
[ 1074.901082] [0380]:        3; 
[ 1074.901119] [0381]:       72; 
[ 1074.901153] [0382]:        0; 
[ 1074.901186] [0383]:        0; 
[ 1074.901219] [0384]:        4; 
[ 1074.901253] 
[ 1074.901308] [0385]:      462; 
[ 1074.901309] [0386]:       47; 
[ 1074.901342] [0387]:        5; 
[ 1074.901375] [0388]:       55; 
[ 1074.901409] [0389]:      257; 
[ 1074.901442] [0390]:        5; 
[ 1074.901476] [0391]:       35; 
[ 1074.901509] [0392]:        0; 
[ 1074.901543] 
[ 1074.901598] [0393]:      589; 
[ 1074.901598] [0394]:       17; 
[ 1074.901632] [0395]:        0; 
[ 1074.901665] [0396]:      103; 
[ 1074.901699] [0397]:        5; 
[ 1074.901732] [0398]:        0; 
[ 1074.901765] [0399]:        0; 
[ 1074.901824] [0400]:        0; 
[ 1074.901890] 
[ 1074.902001] [0401]:      242; 
[ 1074.902001] [0402]:        0; 
[ 1074.902067] [0403]:       11; 
[ 1074.902134] [0404]:       50; 
[ 1074.902200] [0405]:        6; 
[ 1074.902267] [0406]:        6; 
[ 1074.902333] [0407]:        3; 
[ 1074.902399] [0408]:        0; 
[ 1074.902465] 
[ 1074.902576] [0409]:      668; 
[ 1074.902577] [0410]:       51; 
[ 1074.902643] [0411]:       33; 
[ 1074.902709] [0412]:        0; 
[ 1074.902775] [0413]:        6; 
[ 1074.902842] [0414]:        0; 
[ 1074.902908] [0415]:        5; 
[ 1074.902975] [0416]:        0; 
[ 1074.903041] 
[ 1074.903151] [0417]:      284; 
[ 1074.903152] [0418]:      100; 
[ 1074.903218] [0419]:        0; 
[ 1074.903284] [0420]:        5; 
[ 1074.903351] [0421]:        5; 
[ 1074.903417] [0422]:        0; 
[ 1074.903483] [0423]:        5; 
[ 1074.903550] [0424]:        0; 
[ 1074.903616] 
[ 1074.903727] [0425]:       84; 
[ 1074.903727] [0426]:       37; 
[ 1074.903793] [0427]:        5; 
[ 1074.903860] [0428]:       11; 
[ 1074.903926] [0429]:       68; 
[ 1074.903992] [0430]:        4; 
[ 1074.904059] [0431]:        5; 
[ 1074.904125] [0432]:        0; 
[ 1074.904191] 
[ 1074.904302] [0433]:      224; 
[ 1074.904303] [0434]:       56; 
[ 1074.904369] [0435]:       14; 
[ 1074.904435] [0436]:        5; 
[ 1074.904501] [0437]:        6; 
[ 1074.904568] [0438]:       24; 
[ 1074.904634] [0439]:        5; 
[ 1074.904700] [0440]:        0; 
[ 1074.904766] 
[ 1074.904877] [0441]:      303; 
[ 1074.904878] [0442]:        0; 
[ 1074.904944] [0443]:        0; 
[ 1074.905010] [0444]:        0; 
[ 1074.905076] [0445]:        0; 
[ 1074.905143] [0446]:        0; 
[ 1074.905209] [0447]:        0; 
[ 1074.905275] [0448]:        0; 
[ 1074.905341] 
[ 1074.905452] [0449]:     1109; 
[ 1074.905452] [0450]:        4; 
[ 1074.905519] [0451]:        0; 
[ 1074.905585] [0452]:        0; 
[ 1074.905651] [0453]:        6; 
[ 1074.905718] [0454]:        0; 
[ 1074.905784] [0455]:        0; 
[ 1074.905850] [0456]:       10; 
[ 1074.905916] 
[ 1074.906027] [0457]:      145; 
[ 1074.906028] [0458]:       51; 
[ 1074.906094] [0459]:        0; 
[ 1074.906160] [0460]:        0; 
[ 1074.906226] [0461]:       10; 
[ 1074.906293] [0462]:       51; 
[ 1074.906336] [0463]:        0; 
[ 1074.906369] [0464]:        0; 
[ 1074.906403] 
[ 1074.906458] [0465]:      170; 
[ 1074.906458] [0466]:       94; 
[ 1074.906492] [0467]:        0; 
[ 1074.906525] [0468]:        0; 
[ 1074.906559] [0469]:        0; 
[ 1074.906593] [0470]:        0; 
[ 1074.906626] [0471]:        0; 
[ 1074.906659] [0472]:        0; 
[ 1074.906693] 
[ 1074.906748] [0473]:      289; 
[ 1074.906748] [0474]:        0; 
[ 1074.906782] [0475]:        0; 
[ 1074.906815] [0476]:        0; 
[ 1074.906849] [0477]:       12; 
[ 1074.906882] [0478]:        0; 
[ 1074.906915] [0479]:        4; 
[ 1074.906952] [0480]:        0; 
[ 1074.906986] 
[ 1074.907041] [0481]:       89; 
[ 1074.907041] [0482]:        0; 
[ 1074.907075] [0483]:       36; 
[ 1074.907109] [0484]:        6; 
[ 1074.907142] [0485]:       10; 
[ 1074.907175] [0486]:        0; 
[ 1074.907209] [0487]:        0; 
[ 1074.907242] [0488]:        4; 
[ 1074.907275] 
[ 1074.907331] [0489]:      125; 
[ 1074.907331] [0490]:        0; 
[ 1074.907365] [0491]:        0; 
[ 1074.907398] [0492]:        0; 
[ 1074.907431] [0493]:        0; 
[ 1074.907465] [0494]:        0; 
[ 1074.907498] [0495]:        0; 
[ 1074.907532] [0496]:        0; 
[ 1074.907565] 
[ 1074.907634] [0497]:      481; 
[ 1074.907635] [0498]:       10; 
[ 1074.907701] [0499]:        0; 
[ 1074.907767] [0500]:        0; 
[ 1074.907833] [0501]:        0; 
[ 1074.907900] [0502]:        0; 
[ 1074.907966] [0503]:       10; 
[ 1074.908032] [0504]:        0; 
[ 1074.908099] 
[ 1074.908209] [0505]:      378; 
[ 1074.908210] [0506]:        0; 
[ 1074.908276] [0507]:        0; 
[ 1074.908342] [0508]:        0; 
[ 1074.908408] [0509]:       16; 
[ 1074.908475] [0510]:        0; 
[ 1074.908541] [0511]:        0; 
[ 1074.908608] [0512]:        0; 
[ 1074.908674] 
[ 1074.908785] [0513]:      223; 
[ 1074.908785] [0514]:      311; 
[ 1074.908852] [0515]:        5; 
[ 1074.908918] [0516]:       12; 
[ 1074.908984] [0517]:       51; 
[ 1074.909051] [0518]:        0; 
[ 1074.909117] [0519]:        0; 
[ 1074.909183] [0520]:        0; 
[ 1074.909250] 
[ 1074.909361] [0521]:      367; 
[ 1074.909361] [0522]:       96; 
[ 1074.909427] [0523]:        0; 
[ 1074.909494] [0524]:        0; 
[ 1074.909560] [0525]:        0; 
[ 1074.909626] [0526]:        0; 
[ 1074.909693] [0527]:        0; 
[ 1074.909759] [0528]:        0; 
[ 1074.909825] 
[ 1074.909936] [0529]:      206; 
[ 1074.909937] [0530]:       10; 
[ 1074.910003] [0531]:        5; 
[ 1074.910069] [0532]:        0; 
[ 1074.910135] [0533]:        5; 
[ 1074.910202] [0534]:        5; 
[ 1074.910268] [0535]:        0; 
[ 1074.910334] [0536]:        4; 
[ 1074.910400] 
[ 1074.910511] [0537]:      131; 
[ 1074.910512] [0538]:        5; 
[ 1074.910578] [0539]:        4; 
[ 1074.910644] [0540]:        5; 
[ 1074.910710] [0541]:        0; 
[ 1074.910777] [0542]:        0; 
[ 1074.910843] [0543]:        0; 
[ 1074.910910] [0544]:        0; 
[ 1074.910976] 
[ 1074.911087] [0545]:      435; 
[ 1074.911087] [0546]:       79; 
[ 1074.911153] [0547]:       10; 
[ 1074.911220] [0548]:        0; 
[ 1074.911286] [0549]:        0; 
[ 1074.911352] [0550]:        0; 
[ 1074.911419] [0551]:        0; 
[ 1074.911485] [0552]:        0; 
[ 1074.911551] 
[ 1074.911662] [0553]:      138; 
[ 1074.911662] [0554]:        0; 
[ 1074.911728] [0555]:        0; 
[ 1074.911795] [0556]:        0; 
[ 1074.911861] [0557]:       20; 
[ 1074.911927] [0558]:        0; 
[ 1074.911994] [0559]:        5; 
[ 1074.912060] [0560]:        0; 
[ 1074.912126] 
[ 1074.912192] [0561]:      140; 
[ 1074.912192] [0562]:        5; 
[ 1074.912226] [0563]:        0; 
[ 1074.912259] [0564]:        0; 
[ 1074.912292] [0565]:       10; 
[ 1074.912326] [0566]:        0; 
[ 1074.912359] [0567]:       10; 
[ 1074.912393] [0568]:        0; 
[ 1074.912426] 
[ 1074.912481] [0569]:       72; 
[ 1074.912482] [0570]:        0; 
[ 1074.912515] [0571]:        0; 
[ 1074.912549] [0572]:        0; 
[ 1074.912582] [0573]:      130; 
[ 1074.912616] [0574]:        0; 
[ 1074.912649] [0575]:       14; 
[ 1074.912682] [0576]:        5; 
[ 1074.912716] 
[ 1074.912774] [0577]:      164; 
[ 1074.912775] [0578]:        0; 
[ 1074.912808] [0579]:        0; 
[ 1074.912842] [0580]:        0; 
[ 1074.912875] [0581]:       10; 
[ 1074.912908] [0582]:        0; 
[ 1074.912942] [0583]:        0; 
[ 1074.912975] [0584]:        0; 
[ 1074.913009] 
[ 1074.913064] [0585]:      377; 
[ 1074.913065] [0586]:        5; 
[ 1074.913098] [0587]:        0; 
[ 1074.913132] [0588]:        0; 
[ 1074.913165] [0589]:       40; 
[ 1074.913199] [0590]:        0; 
[ 1074.913232] [0591]:        0; 
[ 1074.913265] [0592]:        0; 
[ 1074.913299] 
[ 1074.913354] [0593]:      221; 
[ 1074.913355] [0594]:       32; 
[ 1074.913388] [0595]:        0; 
[ 1074.913422] [0596]:        5; 
[ 1074.913455] [0597]:        0; 
[ 1074.913488] [0598]:        3; 
[ 1074.913522] [0599]:        0; 
[ 1074.913555] [0600]:        0; 
[ 1074.913588] 
[ 1074.913644] [0601]:      391; 
[ 1074.913644] [0602]:        0; 
[ 1074.913677] [0603]:        0; 
[ 1074.913711] [0604]:        0; 
[ 1074.913744] [0605]:        0; 
[ 1074.913778] [0606]:        0; 
[ 1074.913811] [0607]:        0; 
[ 1074.913844] [0608]:        0; 
[ 1074.913877] 
[ 1074.913933] [0609]:      121; 
[ 1074.913934] [0610]:        0; 
[ 1074.913967] [0611]:        0; 
[ 1074.914000] [0612]:        0; 
[ 1074.914034] [0613]:       39; 
[ 1074.914067] [0614]:        0; 
[ 1074.914100] [0615]:        0; 
[ 1074.914134] [0616]:        0; 
[ 1074.914167] 
[ 1074.914222] [0617]:      193; 
[ 1074.914223] [0618]:        0; 
[ 1074.914256] [0619]:        0; 
[ 1074.914290] [0620]:        0; 
[ 1074.914323] [0621]:       55; 
[ 1074.914356] [0622]:        0; 
[ 1074.914390] [0623]:      101; 
[ 1074.914423] [0624]:        0; 
[ 1074.914456] 
[ 1074.914512] [0625]:      272; 
[ 1074.914512] [0626]:       19; 
[ 1074.914546] [0627]:        5; 
[ 1074.914579] [0628]:        0; 
[ 1074.914613] [0629]:        0; 
[ 1074.914646] [0630]:        0; 
[ 1074.914679] [0631]:        0; 
[ 1074.914713] [0632]:        0; 
[ 1074.914746] 
[ 1074.914801] [0633]:       15; 
[ 1074.914802] [0634]:        0; 
[ 1074.914835] [0635]:        0; 
[ 1074.914869] [0636]:        0; 
[ 1074.914902] [0637]:        5; 
[ 1074.914936] [0638]:        0; 
[ 1074.914969] [0639]:        0; 
[ 1074.915002] [0640]:        0; 
[ 1074.915036] 
[ 1074.915091] [0641]:      169; 
[ 1074.915091] [0642]:       29; 
[ 1074.915125] [0643]:        5; 
[ 1074.915158] [0644]:        0; 
[ 1074.915192] [0645]:       18; 
[ 1074.915225] [0646]:        0; 
[ 1074.915258] [0647]:        0; 
[ 1074.915292] [0648]:        0; 
[ 1074.915325] 
[ 1074.915381] [0649]:        0; 
[ 1074.915381] [0650]:        0; 
[ 1074.915414] [0651]:        0; 
[ 1074.915448] [0652]:        0; 
[ 1074.915481] [0653]:        5; 
[ 1074.915515] [0654]:        0; 
[ 1074.915548] [0655]:        0; 
[ 1074.915581] [0656]:        0; 
[ 1074.915615] 
[ 1074.915670] [0657]:     4589; 
[ 1074.915671] [0658]:        0; 
[ 1074.915704] [0659]:        0; 
[ 1074.915737] [0660]:        0; 
[ 1074.915771] [0661]:        5; 
[ 1074.915804] [0662]:        0; 
[ 1074.915838] [0663]:        0; 
[ 1074.915871] [0664]:        0; 
[ 1074.915904] 
[ 1074.915960] [0665]:       43; 
[ 1074.915960] [0666]:        0; 
[ 1074.915994] [0667]:        0; 
[ 1074.916027] [0668]:        0; 
[ 1074.916060] [0669]:        0; 
[ 1074.916094] [0670]:        0; 
[ 1074.916127] [0671]:        0; 
[ 1074.916161] [0672]:        0; 
[ 1074.916194] 
[ 1074.916249] [0673]:      231; 
[ 1074.916250] [0674]:        0; 
[ 1074.916283] [0675]:        0; 
[ 1074.916317] [0676]:        0; 
[ 1074.916350] [0677]:       11; 
[ 1074.916383] [0678]:        0; 
[ 1074.916417] [0679]:        0; 
[ 1074.916450] [0680]:        0; 
[ 1074.916484] 
[ 1074.916539] [0681]:       34; 
[ 1074.916539] [0682]:        0; 
[ 1074.916573] [0683]:       52; 
[ 1074.916606] [0684]:        0; 
[ 1074.916640] [0685]:        0; 
[ 1074.916673] [0686]:        0; 
[ 1074.916706] [0687]:        0; 
[ 1074.916740] [0688]:        0; 
[ 1074.916773] 
[ 1074.916829] [0689]:     9307; 
[ 1074.916829] [0690]:        0; 
[ 1074.916862] [0691]:       65; 
[ 1074.916896] [0692]:        0; 
[ 1074.916929] [0693]:        0; 
[ 1074.916962] [0694]:        0; 
[ 1074.916996] [0695]:        6; 
[ 1074.917029] [0696]:        0; 
[ 1074.917063] 
[ 1074.917118] [0697]:      144; 
[ 1074.917119] [0698]:        0; 
[ 1074.917152] [0699]:        0; 
[ 1074.917185] [0700]:        0; 
[ 1074.917219] [0701]:       54; 
[ 1074.917252] [0702]:        0; 
[ 1074.917286] [0703]:        0; 
[ 1074.917319] [0704]:       61; 
[ 1074.917352] 
[ 1074.917408] [0705]:        0; 
[ 1074.917408] [0706]:       60; 
[ 1074.917442] [0707]:        0; 
[ 1074.917475] [0708]:        0; 
[ 1074.917508] [0709]:        6; 
[ 1074.917542] [0710]:        0; 
[ 1074.917575] [0711]:        0; 
[ 1074.917609] [0712]:        0; 
[ 1074.917642] 
[ 1074.917697] [0713]:      210; 
[ 1074.917698] [0714]:        4; 
[ 1074.917731] [0715]:        0; 
[ 1074.917764] [0716]:        0; 
[ 1074.917798] [0717]:        5; 
[ 1074.917831] [0718]:        0; 
[ 1074.917865] [0719]:        0; 
[ 1074.917898] [0720]:        0; 
[ 1074.917931] 
[ 1074.917987] [0721]:      168; 
[ 1074.917987] [0722]:        0; 
[ 1074.918021] [0723]:        5; 
[ 1074.918054] [0724]:        0; 
[ 1074.918088] [0725]:        0; 
[ 1074.918121] [0726]:        0; 
[ 1074.918154] [0727]:        0; 
[ 1074.918188] [0728]:        0; 
[ 1074.918221] 
[ 1074.918276] [0729]:       21; 
[ 1074.918277] [0730]:        0; 
[ 1074.918310] [0731]:        0; 
[ 1074.918344] [0732]:        0; 
[ 1074.918377] [0733]:       10; 
[ 1074.918410] [0734]:        0; 
[ 1074.918444] [0735]:        0; 
[ 1074.918477] [0736]:        0; 
[ 1074.918511] 
[ 1074.918566] [0737]:      117; 
[ 1074.918566] [0738]:        0; 
[ 1074.918600] [0739]:        0; 
[ 1074.918633] [0740]:        5; 
[ 1074.918667] [0741]:        0; 
[ 1074.918700] [0742]:        0; 
[ 1074.918734] [0743]:        0; 
[ 1074.918767] [0744]:        0; 
[ 1074.918800] 
[ 1074.918856] [0745]:       53; 
[ 1074.918856] [0746]:        0; 
[ 1074.918889] [0747]:        0; 
[ 1074.918923] [0748]:        0; 
[ 1074.918956] [0749]:        0; 
[ 1074.918990] [0750]:        0; 
[ 1074.919023] [0751]:        0; 
[ 1074.919056] [0752]:       90; 
[ 1074.919090] 
[ 1074.919145] [0753]:     1562; 
[ 1074.919146] [0754]:        0; 
[ 1074.919179] [0755]:        0; 
[ 1074.919212] [0756]:        0; 
[ 1074.919246] [0757]:        0; 
[ 1074.919279] [0758]:        0; 
[ 1074.919313] [0759]:        0; 
[ 1074.919346] [0760]:        0; 
[ 1074.919379] 
[ 1074.919434] [0761]:      107; 
[ 1074.919435] [0762]:        0; 
[ 1074.919469] [0763]:        0; 
[ 1074.919502] [0764]:        0; 
[ 1074.919535] [0765]:        6; 
[ 1074.919568] [0766]:        0; 
[ 1074.919602] [0767]:        0; 
[ 1074.919635] [0768]:        6; 
[ 1074.919669] 
[ 1074.919724] [0769]:      165; 
[ 1074.919724] [0770]:      239; 
[ 1074.919758] [0771]:        5; 
[ 1074.919791] [0772]:        0; 
[ 1074.919825] [0773]:        0; 
[ 1074.919858] [0774]:        0; 
[ 1074.919891] [0775]:        0; 
[ 1074.919925] [0776]:        0; 
[ 1074.919958] 
[ 1074.920014] [0777]:      172; 
[ 1074.920014] [0778]:        0; 
[ 1074.920047] [0779]:        0; 
[ 1074.920081] [0780]:        0; 
[ 1074.920114] [0781]:        0; 
[ 1074.920148] [0782]:        0; 
[ 1074.920181] [0783]:        0; 
[ 1074.920214] [0784]:        0; 
[ 1074.920248] 
[ 1074.920303] [0785]:      140; 
[ 1074.920304] [0786]:        0; 
[ 1074.920337] [0787]:        0; 
[ 1074.920370] [0788]:        0; 
[ 1074.920404] [0789]:        6; 
[ 1074.920437] [0790]:        0; 
[ 1074.920471] [0791]:        0; 
[ 1074.920504] [0792]:        0; 
[ 1074.920537] 
[ 1074.920593] [0793]:       69; 
[ 1074.920593] [0794]:        0; 
[ 1074.920627] [0795]:        0; 
[ 1074.920660] [0796]:        0; 
[ 1074.920693] [0797]:        0; 
[ 1074.920727] [0798]:        0; 
[ 1074.920760] [0799]:        0; 
[ 1074.920794] [0800]:        0; 
[ 1074.920827] 
[ 1074.920882] [0801]:       44; 
[ 1074.920883] [0802]:        0; 
[ 1074.920916] [0803]:        0; 
[ 1074.920949] [0804]:        0; 
[ 1074.920983] [0805]:        0; 
[ 1074.921016] [0806]:        0; 
[ 1074.921050] [0807]:        0; 
[ 1074.921083] [0808]:        0; 
[ 1074.921116] 
[ 1074.921172] [0809]:      221; 
[ 1074.921172] [0810]:        0; 
[ 1074.921206] [0811]:        0; 
[ 1074.921239] [0812]:        0; 
[ 1074.921272] [0813]:        6; 
[ 1074.921306] [0814]:        0; 
[ 1074.921339] [0815]:        0; 
[ 1074.921373] [0816]:        0; 
[ 1074.921406] 
[ 1074.921461] [0817]:      188; 
[ 1074.921462] [0818]:        0; 
[ 1074.921495] [0819]:        0; 
[ 1074.921529] [0820]:        0; 
[ 1074.921562] [0821]:        0; 
[ 1074.921595] [0822]:        0; 
[ 1074.921629] [0823]:        0; 
[ 1074.921662] [0824]:        0; 
[ 1074.921695] 
[ 1074.921751] [0825]:      113; 
[ 1074.921751] [0826]:        0; 
[ 1074.921785] [0827]:        0; 
[ 1074.921818] [0828]:        0; 
[ 1074.921852] [0829]:       48; 
[ 1074.921885] [0830]:        0; 
[ 1074.921918] [0831]:        0; 
[ 1074.921952] [0832]:       37; 
[ 1074.921985] 
[ 1074.922040] [0833]:      764; 
[ 1074.922041] [0834]:       10; 
[ 1074.922074] [0835]:        0; 
[ 1074.922107] [0836]:        0; 
[ 1074.922141] [0837]:        0; 
[ 1074.922174] [0838]:        0; 
[ 1074.922208] [0839]:        0; 
[ 1074.922241] [0840]:        0; 
[ 1074.922274] 
[ 1074.922330] [0841]:       44; 
[ 1074.922330] [0842]:        0; 
[ 1074.922364] [0843]:        0; 
[ 1074.922397] [0844]:        0; 
[ 1074.922430] [0845]:        0; 
[ 1074.922464] [0846]:        0; 
[ 1074.92247]:        0; 
[ 1074.926517] [0958]:        0; 
[ 1074.926550] [0959]:        0; 
[ 1074.926584] [0960]:        0; 
[ 1074.926617] 
[ 1074.926672] [0961]:      143; 
[ 1074.926673] [0962]:        0; 
[ 1074.926706] [0963]:        0; 
[ 1074.926740] [0964]:        0; 
[ 1074.926773] [0965]:        0; 
[ 1074.926806] [0966]:        0; 
[ 1074.926840] [0967]:        0; 
[ 1074.926873] [0968]:        0; 
[ 1074.926907] 
[ 1074.926962] [0969]:       99; 
[ 1074.926962] [0970]:        0; 
[ 1074.926996] [0971]:        0; 
[ 1074.927029] [0972]:        0; 
[ 1074.927063] [0973]:        0; 
[ 1074.927096] [0974]:        0; 
[ 1074.927129] [0975]:        0; 
[ 1074.927163] [0976]:        0; 
[ 1074.927196] 
[ 1074.927251] [0977]:       47; 
[ 1074.927252] [0978]:        0; 
[ 1074.927285] [0979]:        0; 
[ 1074.927318] [0980]:        0; 
[ 1074.927352] [0981]:        0; 
[ 1074.927385] [0982]:        0; 
[ 1074.927419] [0983]:       42; 
[ 1074.927452] [0984]:        0; 
[ 1074.927485] 
[ 1074.927541] [0985]:        0; 
[ 1074.927541] [0986]:        5; 
[ 1074.927575] [0987]:       38; 
[ 1074.927608] [0988]:        0; 
[ 1074.927641] [0989]:        0; 
[ 1074.927675] [0990]:        0; 
[ 1074.927708] [0991]:        0; 
[ 1074.927741] [0992]:        0; 
[ 1074.927775] 
[ 1074.927830] [0993]:      204; 
[ 1074.927831] [0994]:        0; 
[ 1074.927864] [0995]:        0; 
[ 1074.927897] [0996]:        0; 
[ 1074.927931] [0997]:        0; 
[ 1074.927964] [0998]:        0; 
[ 1074.927998] [0999]:        5; 
[ 1074.928031] [1000]:        0; 
[ 1074.928064] 
[ 1074.928120] [1001]:      221; 
[ 1074.928120] [1002]:        5; 
[ 1074.928154] [1003]:       30; 
[ 1074.928187] [1004]:        0; 
[ 1074.928220] [1005]:        6; 
[ 1074.928254] [1006]:        0; 
[ 1074.928287] [1007]:        0; 
[ 1074.928321] [1008]:        0; 
[ 1074.928354] 
[ 1074.928409] [1009]:       44; 
[ 1074.928409] [1010]:        0; 
[ 1074.928443] [1011]:        0; 
[ 1074.928476] [1012]:        0; 
[ 1074.928510] [1013]:        0; 
[ 1074.928543] [1014]:        0; 
[ 1074.928577] [1015]:        0; 
[ 1074.928610] [1016]:        0; 
[ 1074.928643] 
[ 1074.928699] [1017]:      113; 
[ 1074.928699] [1018]:        0; 
[ 1074.928732] [1019]:        0; 
[ 1074.928766] [1020]:        0; 
[ 1074.928799] [1021]:        0; 
[ 1074.928833] [1022]:        0; 
[ 1074.928866] [1023]:        0; 
[ 1074.928900] 
[ 1074.928900] <<<<<<<<<memcmp_dump_res [1024] <<<<<<<<<<<<<<<<<<
